========== COMPRESSION ==========
INPUT_FILE: input.txt
OUTPUT_FILE: output.bzp
BLOCK_SIZE: 500000
NUM_BLOCKS: 1
PIPELINE: RLE1=1 BWT=1 MTF=1 RLE2=1 ANS=1

######## ENCODE BLOCK 0 ########

----------------------------------------
STAGE: BLOCK INPUT
LENGTH: 88 bytes
HEX:
68 65 6C 6C 6F 20 68 65 6C 6C 6F 20 68 65 6C 6C 
6F 20 64 61 74 61 20 63 6F 6D 70 72 65 73 73 69 
6F 6E 20 31 32 33 34 35 36 37 38 39 30 0D 0A 41 
41 42 42 42 53 53 53 53 53 46 44 53 20 4F 4D 41 
4E 20 53 48 41 48 49 44 20 49 51 42 41 4C 20 41 
4F 57 4E 20 52 41 5A 41 
ASCII:
hello hello hello data compression 1234567890..AABBBSSSSSFDS OMAN SHAHID IQBAL AOWN RAZA

----------------------------------------
STAGE: RLE1 INPUT
LENGTH: 88 bytes
HEX:
68 65 6C 6C 6F 20 68 65 6C 6C 6F 20 68 65 6C 6C 
6F 20 64 61 74 61 20 63 6F 6D 70 72 65 73 73 69 
6F 6E 20 31 32 33 34 35 36 37 38 39 30 0D 0A 41 
41 42 42 42 53 53 53 53 53 46 44 53 20 4F 4D 41 
4E 20 53 48 41 48 49 44 20 49 51 42 41 4C 20 41 
4F 57 4E 20 52 41 5A 41 
ASCII:
hello hello hello data compression 1234567890..AABBBSSSSSFDS OMAN SHAHID IQBAL AOWN RAZA

----------------------------------------
STAGE: RLE1 OUTPUT
LENGTH: 86 bytes
HEX:
68 65 6C 6C 6F 20 68 65 6C 6C 6F 20 68 65 6C 6C 
6F 20 64 61 74 61 20 63 6F 6D 70 72 65 73 73 69 
6F 6E 20 31 32 33 34 35 36 37 38 39 30 0D 0A 41 
41 42 42 42 AA 05 53 46 44 53 20 4F 4D 41 4E 20 
53 48 41 48 49 44 20 49 51 42 41 4C 20 41 4F 57 
4E 20 52 41 5A 41 
ASCII:
hello hello hello data compression 1234567890..AABBB..SFDS OMAN SHAHID IQBAL AOWN RAZA

----------------------------------------
STAGE: BWT INPUT
LENGTH: 86 bytes
HEX:
68 65 6C 6C 6F 20 68 65 6C 6C 6F 20 68 65 6C 6C 
6F 20 64 61 74 61 20 63 6F 6D 70 72 65 73 73 69 
6F 6E 20 31 32 33 34 35 36 37 38 39 30 0D 0A 41 
41 42 42 42 AA 05 53 46 44 53 20 4F 4D 41 4E 20 
53 48 41 48 49 44 20 49 51 42 41 4C 20 41 4F 57 
4E 20 52 41 5A 41 
ASCII:
hello hello hello data compression 1234567890..AABBB..SFDS OMAN SHAHID IQBAL AOWN RAZA

----------------------------------------
STAGE: BWT PRIMARY_INDEX
VALUE: 65

----------------------------------------
STAGE: BWT OUTPUT
LENGTH: 86 bytes
HEX:
AA 0D 30 6E 4C 44 53 4E 4E 61 6F 6F 6F 39 20 31 
32 33 34 35 36 37 38 0A 41 48 42 4D 20 52 5A 51 
41 42 42 49 46 53 53 41 48 20 41 4F 57 41 20 41 
49 20 44 05 20 4F 41 74 64 20 20 68 68 68 72 20 
20 41 73 65 65 65 6C 6C 6C 6F 6F 6C 6C 6C 63 69 
6D 70 73 65 61 42 
ASCII:
..0nLDSNNaooo9 12345678.AHBM RZQABBIFSSAH AOWA AI D. OAtd  hhhr  AseeellloolllcimpseaB

----------------------------------------
STAGE: MTF INPUT
LENGTH: 86 bytes
HEX:
AA 0D 30 6E 4C 44 53 4E 4E 61 6F 6F 6F 39 20 31 
32 33 34 35 36 37 38 0A 41 48 42 4D 20 52 5A 51 
41 42 42 49 46 53 53 41 48 20 41 4F 57 41 20 41 
49 20 44 05 20 4F 41 74 64 20 20 68 68 68 72 20 
20 41 73 65 65 65 6C 6C 6C 6F 6F 6C 6C 6C 63 69 
6D 70 73 65 61 42 
ASCII:
..0nLDSNNaooo9 12345678.AHBM RZQABBIFSSAH AOWA AI D. OAtd  hhhr  AseeellloolllcimpseaB

----------------------------------------
STAGE: MTF OUTPUT
LENGTH: 86 bytes
HEX:
AA 0E 31 6F 4E 47 55 51 00 63 70 00 00 41 2A 3A 
3B 3C 3D 3E 3F 40 41 1E 49 4F 4B 53 0D 57 5E 58 
07 06 00 54 53 17 00 04 0A 09 02 57 5C 02 03 01 
07 02 1A 25 02 06 05 75 68 04 00 6C 00 00 74 02 
00 05 75 6C 00 00 72 00 00 20 00 01 00 00 6D 70 
73 74 07 07 25 17 
ASCII:
..1oNGUQ.cp..A*:;<=>?@A.IOKS.W^X...TS......W\......%...uh..l..t...ul..r.. ....mpst..%.

----------------------------------------
STAGE: RLE2 INPUT
LENGTH: 86 bytes
HEX:
AA 0E 31 6F 4E 47 55 51 00 63 70 00 00 41 2A 3A 
3B 3C 3D 3E 3F 40 41 1E 49 4F 4B 53 0D 57 5E 58 
07 06 00 54 53 17 00 04 0A 09 02 57 5C 02 03 01 
07 02 1A 25 02 06 05 75 68 04 00 6C 00 00 74 02 
00 05 75 6C 00 00 72 00 00 20 00 01 00 00 6D 70 
73 74 07 07 25 17 
ASCII:
..1oNGUQ.cp..A*:;<=>?@A.IOKS.W^X...TS......W\......%...uh..l..t...ul..r.. ....mpst..%.

----------------------------------------
STAGE: RLE2 OUTPUT
LENGTH: 162 bytes
HEX:
01 AA 01 0E 01 31 01 6F 01 4E 01 47 01 55 01 51 
00 01 01 63 01 70 00 02 01 41 01 2A 01 3A 01 3B 
01 3C 01 3D 01 3E 01 3F 01 40 01 41 01 1E 01 49 
01 4F 01 4B 01 53 01 0D 01 57 01 5E 01 58 01 07 
01 06 00 01 01 54 01 53 01 17 00 01 01 04 01 0A 
01 09 01 02 01 57 01 5C 01 02 01 03 01 01 01 07 
01 02 01 1A 01 25 01 02 01 06 01 05 01 75 01 68 
01 04 00 01 01 6C 00 02 01 74 01 02 00 01 01 05 
01 75 01 6C 00 02 01 72 00 02 01 20 00 01 01 01 
00 02 01 6D 01 70 01 73 01 74 01 07 01 07 01 25 
01 17 
ASCII:
.....1.o.N.G.U.Q...c.p...A.*.:.;.<.=.>.?.@.A...I.O.K.S...W.^.X.......T.S.............W.\.............%.......u.h.....l...t.......u.l...r... .......m.p.s.t.....%..

----------------------------------------
STAGE: ANS INPUT
LENGTH: 162 bytes
HEX:
01 AA 01 0E 01 31 01 6F 01 4E 01 47 01 55 01 51 
00 01 01 63 01 70 00 02 01 41 01 2A 01 3A 01 3B 
01 3C 01 3D 01 3E 01 3F 01 40 01 41 01 1E 01 49 
01 4F 01 4B 01 53 01 0D 01 57 01 5E 01 58 01 07 
01 06 00 01 01 54 01 53 01 17 00 01 01 04 01 0A 
01 09 01 02 01 57 01 5C 01 02 01 03 01 01 01 07 
01 02 01 1A 01 25 01 02 01 06 01 05 01 75 01 68 
01 04 00 01 01 6C 00 02 01 74 01 02 00 01 01 05 
01 75 01 6C 00 02 01 72 00 02 01 20 00 01 01 01 
00 02 01 6D 01 70 01 73 01 74 01 07 01 07 01 25 
01 17 
ASCII:
.....1.o.N.G.U.Q...c.p...A.*.:.;.<.=.>.?.@.A...I.O.K.S...W.^.X.......T.S.............W.\.............%.......u.h.....l...t.......u.l...r... .......m.p.s.t.....%..

----------------------------------------
STAGE: ANS OUTPUT
LENGTH: 594 bytes
HEX:
00 00 00 A2 01 16 07 C6 00 FC 00 19 00 32 00 32 
00 32 00 65 00 00 00 19 00 19 00 00 00 00 00 19 
00 19 00 00 00 00 00 00 00 00 00 00 00 00 00 00 
00 00 00 32 00 00 00 00 00 19 00 00 00 00 00 00 
00 19 00 00 00 19 00 00 00 00 00 00 00 00 00 32 
00 00 00 00 00 00 00 00 00 19 00 00 00 00 00 00 
00 00 00 00 00 00 00 19 00 00 00 00 00 00 00 00 
00 00 00 00 00 00 00 00 00 19 00 19 00 19 00 19 
00 19 00 19 00 19 00 32 00 00 00 00 00 00 00 00 
00 00 00 19 00 00 00 19 00 00 00 19 00 00 00 00 
00 19 00 19 00 00 00 19 00 00 00 32 00 19 00 19 
00 00 00 32 00 19 00 00 00 00 00 00 00 19 00 00 
00 19 00 00 00 00 00 00 00 00 00 19 00 00 00 00 
00 00 00 00 00 19 00 00 00 00 00 00 00 32 00 19 
00 00 00 19 00 32 00 00 00 19 00 19 00 32 00 32 
00 00 00 00 00 00 00 00 00 00 00 00 00 00 00 00 
00 00 00 00 00 00 00 00 00 00 00 00 00 00 00 00 
00 00 00 00 00 00 00 00 00 00 00 00 00 00 00 00 
00 00 00 00 00 00 00 00 00 00 00 00 00 00 00 00 
00 00 00 00 00 00 00 00 00 00 00 00 00 00 00 00 
00 00 00 00 00 00 00 00 00 00 00 00 00 00 00 00 
00 00 00 00 00 00 00 00 00 19 00 00 00 00 00 00 
00 00 00 00 00 00 00 00 00 00 00 00 00 00 00 00 
00 00 00 00 00 00 00 00 00 00 00 00 00 00 00 00 
00 00 00 00 00 00 00 00 00 00 00 00 00 00 00 00 
00 00 00 00 00 00 00 00 00 00 00 00 00 00 00 00 
00 00 00 00 00 00 00 00 00 00 00 00 00 00 00 00 
00 00 00 00 00 00 00 00 00 00 00 00 00 00 00 00 
00 00 00 00 00 00 00 00 00 00 00 00 00 00 00 00 
00 00 00 00 00 00 00 00 00 00 00 00 00 00 00 00 
00 00 00 00 00 00 00 00 00 00 00 00 00 00 00 00 
00 00 00 00 00 00 00 00 00 00 00 00 00 00 00 00 
00 00 00 00 00 0D C2 DC EA 89 79 89 41 21 DF 90 
B1 41 BD 4C 4D 83 39 BC DA 8C 7E F5 22 96 AD 43 
8D 59 D9 1F 31 68 40 B1 09 D3 95 B4 84 CB DC 93 
01 3B AF DD 3F 4F 9C C8 F0 DD 48 24 A3 06 00 F1 
82 5C 47 F3 C7 8E 34 E6 3A DB 05 67 20 F9 85 05 
86 94 
ASCII:
.............2.2.2.e...............................2...........................2.......................................................2...................................2.......2.........................................2.......2.......2.2..........................................................................................................................................................................................................................................................................................y.A!...A.LM.9...~."..C.Y..1h@..........;..?O....H$.....\G...4.:..g .....

----------------------------------------
STAGE: FINAL ENCODED PAYLOAD
LENGTH: 594 bytes
HEX:
00 00 00 A2 01 16 07 C6 00 FC 00 19 00 32 00 32 
00 32 00 65 00 00 00 19 00 19 00 00 00 00 00 19 
00 19 00 00 00 00 00 00 00 00 00 00 00 00 00 00 
00 00 00 32 00 00 00 00 00 19 00 00 00 00 00 00 
00 19 00 00 00 19 00 00 00 00 00 00 00 00 00 32 
00 00 00 00 00 00 00 00 00 19 00 00 00 00 00 00 
00 00 00 00 00 00 00 19 00 00 00 00 00 00 00 00 
00 00 00 00 00 00 00 00 00 19 00 19 00 19 00 19 
00 19 00 19 00 19 00 32 00 00 00 00 00 00 00 00 
00 00 00 19 00 00 00 19 00 00 00 19 00 00 00 00 
00 19 00 19 00 00 00 19 00 00 00 32 00 19 00 19 
00 00 00 32 00 19 00 00 00 00 00 00 00 19 00 00 
00 19 00 00 00 00 00 00 00 00 00 19 00 00 00 00 
00 00 00 00 00 19 00 00 00 00 00 00 00 32 00 19 
00 00 00 19 00 32 00 00 00 19 00 19 00 32 00 32 
00 00 00 00 00 00 00 00 00 00 00 00 00 00 00 00 
00 00 00 00 00 00 00 00 00 00 00 00 00 00 00 00 
00 00 00 00 00 00 00 00 00 00 00 00 00 00 00 00 
00 00 00 00 00 00 00 00 00 00 00 00 00 00 00 00 
00 00 00 00 00 00 00 00 00 00 00 00 00 00 00 00 
00 00 00 00 00 00 00 00 00 00 00 00 00 00 00 00 
00 00 00 00 00 00 00 00 00 19 00 00 00 00 00 00 
00 00 00 00 00 00 00 00 00 00 00 00 00 00 00 00 
00 00 00 00 00 00 00 00 00 00 00 00 00 00 00 00 
00 00 00 00 00 00 00 00 00 00 00 00 00 00 00 00 
00 00 00 00 00 00 00 00 00 00 00 00 00 00 00 00 
00 00 00 00 00 00 00 00 00 00 00 00 00 00 00 00 
00 00 00 00 00 00 00 00 00 00 00 00 00 00 00 00 
00 00 00 00 00 00 00 00 00 00 00 00 00 00 00 00 
00 00 00 00 00 00 00 00 00 00 00 00 00 00 00 00 
00 00 00 00 00 00 00 00 00 00 00 00 00 00 00 00 
00 00 00 00 00 00 00 00 00 00 00 00 00 00 00 00 
00 00 00 00 00 0D C2 DC EA 89 79 89 41 21 DF 90 
B1 41 BD 4C 4D 83 39 BC DA 8C 7E F5 22 96 AD 43 
8D 59 D9 1F 31 68 40 B1 09 D3 95 B4 84 CB DC 93 
01 3B AF DD 3F 4F 9C C8 F0 DD 48 24 A3 06 00 F1 
82 5C 47 F3 C7 8E 34 E6 3A DB 05 67 20 F9 85 05 
86 94 
ASCII:
.............2.2.2.e...............................2...........................2.......................................................2...................................2.......2.........................................2.......2.......2.2..........................................................................................................................................................................................................................................................................................y.A!...A.LM.9...~."..C.Y..1h@..........;..?O....H$.....\G...4.:..g .....

========== DECOMPRESSION ==========
INPUT_FILE: output.bzp
OUTPUT_FILE: restored.txt

######## DECODE BLOCK 0 ########
EXPECTED_OUTPUT_SIZE: 88 bytes
PRIMARY_INDEX: 65

----------------------------------------
STAGE: ENCODED PAYLOAD INPUT
LENGTH: 594 bytes
HEX:
00 00 00 A2 01 16 07 C6 00 FC 00 19 00 32 00 32 
00 32 00 65 00 00 00 19 00 19 00 00 00 00 00 19 
00 19 00 00 00 00 00 00 00 00 00 00 00 00 00 00 
00 00 00 32 00 00 00 00 00 19 00 00 00 00 00 00 
00 19 00 00 00 19 00 00 00 00 00 00 00 00 00 32 
00 00 00 00 00 00 00 00 00 19 00 00 00 00 00 00 
00 00 00 00 00 00 00 19 00 00 00 00 00 00 00 00 
00 00 00 00 00 00 00 00 00 19 00 19 00 19 00 19 
00 19 00 19 00 19 00 32 00 00 00 00 00 00 00 00 
00 00 00 19 00 00 00 19 00 00 00 19 00 00 00 00 
00 19 00 19 00 00 00 19 00 00 00 32 00 19 00 19 
00 00 00 32 00 19 00 00 00 00 00 00 00 19 00 00 
00 19 00 00 00 00 00 00 00 00 00 19 00 00 00 00 
00 00 00 00 00 19 00 00 00 00 00 00 00 32 00 19 
00 00 00 19 00 32 00 00 00 19 00 19 00 32 00 32 
00 00 00 00 00 00 00 00 00 00 00 00 00 00 00 00 
00 00 00 00 00 00 00 00 00 00 00 00 00 00 00 00 
00 00 00 00 00 00 00 00 00 00 00 00 00 00 00 00 
00 00 00 00 00 00 00 00 00 00 00 00 00 00 00 00 
00 00 00 00 00 00 00 00 00 00 00 00 00 00 00 00 
00 00 00 00 00 00 00 00 00 00 00 00 00 00 00 00 
00 00 00 00 00 00 00 00 00 19 00 00 00 00 00 00 
00 00 00 00 00 00 00 00 00 00 00 00 00 00 00 00 
00 00 00 00 00 00 00 00 00 00 00 00 00 00 00 00 
00 00 00 00 00 00 00 00 00 00 00 00 00 00 00 00 
00 00 00 00 00 00 00 00 00 00 00 00 00 00 00 00 
00 00 00 00 00 00 00 00 00 00 00 00 00 00 00 00 
00 00 00 00 00 00 00 00 00 00 00 00 00 00 00 00 
00 00 00 00 00 00 00 00 00 00 00 00 00 00 00 00 
00 00 00 00 00 00 00 00 00 00 00 00 00 00 00 00 
00 00 00 00 00 00 00 00 00 00 00 00 00 00 00 00 
00 00 00 00 00 00 00 00 00 00 00 00 00 00 00 00 
00 00 00 00 00 0D C2 DC EA 89 79 89 41 21 DF 90 
B1 41 BD 4C 4D 83 39 BC DA 8C 7E F5 22 96 AD 43 
8D 59 D9 1F 31 68 40 B1 09 D3 95 B4 84 CB DC 93 
01 3B AF DD 3F 4F 9C C8 F0 DD 48 24 A3 06 00 F1 
82 5C 47 F3 C7 8E 34 E6 3A DB 05 67 20 F9 85 05 
86 94 
ASCII:
.............2.2.2.e...............................2...........................2.......................................................2...................................2.......2.........................................2.......2.......2.2..........................................................................................................................................................................................................................................................................................y.A!...A.LM.9...~."..C.Y..1h@..........;..?O....H$.....\G...4.:..g .....

----------------------------------------
STAGE: ANS INPUT
LENGTH: 594 bytes
HEX:
00 00 00 A2 01 16 07 C6 00 FC 00 19 00 32 00 32 
00 32 00 65 00 00 00 19 00 19 00 00 00 00 00 19 
00 19 00 00 00 00 00 00 00 00 00 00 00 00 00 00 
00 00 00 32 00 00 00 00 00 19 00 00 00 00 00 00 
00 19 00 00 00 19 00 00 00 00 00 00 00 00 00 32 
00 00 00 00 00 00 00 00 00 19 00 00 00 00 00 00 
00 00 00 00 00 00 00 19 00 00 00 00 00 00 00 00 
00 00 00 00 00 00 00 00 00 19 00 19 00 19 00 19 
00 19 00 19 00 19 00 32 00 00 00 00 00 00 00 00 
00 00 00 19 00 00 00 19 00 00 00 19 00 00 00 00 
00 19 00 19 00 00 00 19 00 00 00 32 00 19 00 19 
00 00 00 32 00 19 00 00 00 00 00 00 00 19 00 00 
00 19 00 00 00 00 00 00 00 00 00 19 00 00 00 00 
00 00 00 00 00 19 00 00 00 00 00 00 00 32 00 19 
00 00 00 19 00 32 00 00 00 19 00 19 00 32 00 32 
00 00 00 00 00 00 00 00 00 00 00 00 00 00 00 00 
00 00 00 00 00 00 00 00 00 00 00 00 00 00 00 00 
00 00 00 00 00 00 00 00 00 00 00 00 00 00 00 00 
00 00 00 00 00 00 00 00 00 00 00 00 00 00 00 00 
00 00 00 00 00 00 00 00 00 00 00 00 00 00 00 00 
00 00 00 00 00 00 00 00 00 00 00 00 00 00 00 00 
00 00 00 00 00 00 00 00 00 19 00 00 00 00 00 00 
00 00 00 00 00 00 00 00 00 00 00 00 00 00 00 00 
00 00 00 00 00 00 00 00 00 00 00 00 00 00 00 00 
00 00 00 00 00 00 00 00 00 00 00 00 00 00 00 00 
00 00 00 00 00 00 00 00 00 00 00 00 00 00 00 00 
00 00 00 00 00 00 00 00 00 00 00 00 00 00 00 00 
00 00 00 00 00 00 00 00 00 00 00 00 00 00 00 00 
00 00 00 00 00 00 00 00 00 00 00 00 00 00 00 00 
00 00 00 00 00 00 00 00 00 00 00 00 00 00 00 00 
00 00 00 00 00 00 00 00 00 00 00 00 00 00 00 00 
00 00 00 00 00 00 00 00 00 00 00 00 00 00 00 00 
00 00 00 00 00 0D C2 DC EA 89 79 89 41 21 DF 90 
B1 41 BD 4C 4D 83 39 BC DA 8C 7E F5 22 96 AD 43 
8D 59 D9 1F 31 68 40 B1 09 D3 95 B4 84 CB DC 93 
01 3B AF DD 3F 4F 9C C8 F0 DD 48 24 A3 06 00 F1 
82 5C 47 F3 C7 8E 34 E6 3A DB 05 67 20 F9 85 05 
86 94 
ASCII:
.............2.2.2.e...............................2...........................2.......................................................2...................................2.......2.........................................2.......2.......2.2..........................................................................................................................................................................................................................................................................................y.A!...A.LM.9...~."..C.Y..1h@..........;..?O....H$.....\G...4.:..g .....

----------------------------------------
STAGE: ANS OUTPUT
LENGTH: 162 bytes
HEX:
01 AA 01 0E 01 31 01 6F 01 4E 01 47 01 55 01 51 
00 01 01 63 01 70 00 02 01 41 01 2A 01 3A 01 3B 
01 3C 01 3D 01 3E 01 3F 01 40 01 41 01 1E 01 49 
01 4F 01 4B 01 53 01 0D 01 57 01 5E 01 58 01 07 
01 06 00 01 01 54 01 53 01 17 00 01 01 04 01 0A 
01 09 01 02 01 57 01 5C 01 02 01 03 01 01 01 07 
01 02 01 1A 01 25 01 02 01 06 01 05 01 75 01 68 
01 04 00 01 01 6C 00 02 01 74 01 02 00 01 01 05 
01 75 01 6C 00 02 01 72 00 02 01 20 00 01 01 01 
00 02 01 6D 01 70 01 73 01 74 01 07 01 07 01 25 
01 17 
ASCII:
.....1.o.N.G.U.Q...c.p...A.*.:.;.<.=.>.?.@.A...I.O.K.S...W.^.X.......T.S.............W.\.............%.......u.h.....l...t.......u.l...r... .......m.p.s.t.....%..

----------------------------------------
STAGE: RLE2 INPUT
LENGTH: 162 bytes
HEX:
01 AA 01 0E 01 31 01 6F 01 4E 01 47 01 55 01 51 
00 01 01 63 01 70 00 02 01 41 01 2A 01 3A 01 3B 
01 3C 01 3D 01 3E 01 3F 01 40 01 41 01 1E 01 49 
01 4F 01 4B 01 53 01 0D 01 57 01 5E 01 58 01 07 
01 06 00 01 01 54 01 53 01 17 00 01 01 04 01 0A 
01 09 01 02 01 57 01 5C 01 02 01 03 01 01 01 07 
01 02 01 1A 01 25 01 02 01 06 01 05 01 75 01 68 
01 04 00 01 01 6C 00 02 01 74 01 02 00 01 01 05 
01 75 01 6C 00 02 01 72 00 02 01 20 00 01 01 01 
00 02 01 6D 01 70 01 73 01 74 01 07 01 07 01 25 
01 17 
ASCII:
.....1.o.N.G.U.Q...c.p...A.*.:.;.<.=.>.?.@.A...I.O.K.S...W.^.X.......T.S.............W.\.............%.......u.h.....l...t.......u.l...r... .......m.p.s.t.....%..

----------------------------------------
STAGE: RLE2 OUTPUT
LENGTH: 86 bytes
HEX:
AA 0E 31 6F 4E 47 55 51 00 63 70 00 00 41 2A 3A 
3B 3C 3D 3E 3F 40 41 1E 49 4F 4B 53 0D 57 5E 58 
07 06 00 54 53 17 00 04 0A 09 02 57 5C 02 03 01 
07 02 1A 25 02 06 05 75 68 04 00 6C 00 00 74 02 
00 05 75 6C 00 00 72 00 00 20 00 01 00 00 6D 70 
73 74 07 07 25 17 
ASCII:
..1oNGUQ.cp..A*:;<=>?@A.IOKS.W^X...TS......W\......%...uh..l..t...ul..r.. ....mpst..%.

----------------------------------------
STAGE: MTF INPUT
LENGTH: 86 bytes
HEX:
AA 0E 31 6F 4E 47 55 51 00 63 70 00 00 41 2A 3A 
3B 3C 3D 3E 3F 40 41 1E 49 4F 4B 53 0D 57 5E 58 
07 06 00 54 53 17 00 04 0A 09 02 57 5C 02 03 01 
07 02 1A 25 02 06 05 75 68 04 00 6C 00 00 74 02 
00 05 75 6C 00 00 72 00 00 20 00 01 00 00 6D 70 
73 74 07 07 25 17 
ASCII:
..1oNGUQ.cp..A*:;<=>?@A.IOKS.W^X...TS......W\......%...uh..l..t...ul..r.. ....mpst..%.

----------------------------------------
STAGE: MTF OUTPUT
LENGTH: 86 bytes
HEX:
AA 0D 30 6E 4C 44 53 4E 4E 61 6F 6F 6F 39 20 31 
32 33 34 35 36 37 38 0A 41 48 42 4D 20 52 5A 51 
41 42 42 49 46 53 53 41 48 20 41 4F 57 41 20 41 
49 20 44 05 20 4F 41 74 64 20 20 68 68 68 72 20 
20 41 73 65 65 65 6C 6C 6C 6F 6F 6C 6C 6C 63 69 
6D 70 73 65 61 42 
ASCII:
..0nLDSNNaooo9 12345678.AHBM RZQABBIFSSAH AOWA AI D. OAtd  hhhr  AseeellloolllcimpseaB

----------------------------------------
STAGE: BWT INPUT
LENGTH: 86 bytes
HEX:
AA 0D 30 6E 4C 44 53 4E 4E 61 6F 6F 6F 39 20 31 
32 33 34 35 36 37 38 0A 41 48 42 4D 20 52 5A 51 
41 42 42 49 46 53 53 41 48 20 41 4F 57 41 20 41 
49 20 44 05 20 4F 41 74 64 20 20 68 68 68 72 20 
20 41 73 65 65 65 6C 6C 6C 6F 6F 6C 6C 6C 63 69 
6D 70 73 65 61 42 
ASCII:
..0nLDSNNaooo9 12345678.AHBM RZQABBIFSSAH AOWA AI D. OAtd  hhhr  AseeellloolllcimpseaB

----------------------------------------
STAGE: BWT OUTPUT
LENGTH: 86 bytes
HEX:
68 65 6C 6C 6F 20 68 65 6C 6C 6F 20 68 65 6C 6C 
6F 20 64 61 74 61 20 63 6F 6D 70 72 65 73 73 69 
6F 6E 20 31 32 33 34 35 36 37 38 39 30 0D 0A 41 
41 42 42 42 AA 05 53 46 44 53 20 4F 4D 41 4E 20 
53 48 41 48 49 44 20 49 51 42 41 4C 20 41 4F 57 
4E 20 52 41 5A 41 
ASCII:
hello hello hello data compression 1234567890..AABBB..SFDS OMAN SHAHID IQBAL AOWN RAZA

----------------------------------------
STAGE: RLE1 INPUT
LENGTH: 86 bytes
HEX:
68 65 6C 6C 6F 20 68 65 6C 6C 6F 20 68 65 6C 6C 
6F 20 64 61 74 61 20 63 6F 6D 70 72 65 73 73 69 
6F 6E 20 31 32 33 34 35 36 37 38 39 30 0D 0A 41 
41 42 42 42 AA 05 53 46 44 53 20 4F 4D 41 4E 20 
53 48 41 48 49 44 20 49 51 42 41 4C 20 41 4F 57 
4E 20 52 41 5A 41 
ASCII:
hello hello hello data compression 1234567890..AABBB..SFDS OMAN SHAHID IQBAL AOWN RAZA

----------------------------------------
STAGE: RLE1 OUTPUT
LENGTH: 88 bytes
HEX:
68 65 6C 6C 6F 20 68 65 6C 6C 6F 20 68 65 6C 6C 
6F 20 64 61 74 61 20 63 6F 6D 70 72 65 73 73 69 
6F 6E 20 31 32 33 34 35 36 37 38 39 30 0D 0A 41 
41 42 42 42 53 53 53 53 53 46 44 53 20 4F 4D 41 
4E 20 53 48 41 48 49 44 20 49 51 42 41 4C 20 41 
4F 57 4E 20 52 41 5A 41 
ASCII:
hello hello hello data compression 1234567890..AABBBSSSSSFDS OMAN SHAHID IQBAL AOWN RAZA

----------------------------------------
STAGE: FINAL DECODED BLOCK
LENGTH: 88 bytes
HEX:
68 65 6C 6C 6F 20 68 65 6C 6C 6F 20 68 65 6C 6C 
6F 20 64 61 74 61 20 63 6F 6D 70 72 65 73 73 69 
6F 6E 20 31 32 33 34 35 36 37 38 39 30 0D 0A 41 
41 42 42 42 53 53 53 53 53 46 44 53 20 4F 4D 41 
4E 20 53 48 41 48 49 44 20 49 51 42 41 4C 20 41 
4F 57 4E 20 52 41 5A 41 
ASCII:
hello hello hello data compression 1234567890..AABBBSSSSSFDS OMAN SHAHID IQBAL AOWN RAZA
